Vertex Count: 36

Data:

-3.16181 3.16181 -3.16181 0.000998 0.667599 0 0 -1
3.16181 -3.16181 -3.16181 0.349536 0.999002 0 0 -1
-3.16181 -3.16181 -3.16181 0.000998 0.999002 0 0 -1
3.16181 3.16181 -3.16181 0.349536 0.667599 0 0 -1
3.16181 -3.16181 -3.16181 0.349536 0.999002 0 0 -1
-3.16181 3.16181 -3.16181 0.000998 0.667599 0 0 -1
-3.16181 3.16181 3.16181 0.702488 0.667599 0 1 -0
3.16181 3.16181 -3.16181 0.353951 0.999002 0 1 -0
-3.16181 3.16181 -3.16181 0.353951 0.667599 0 1 -0
3.16181 3.16181 3.16181 0.702488 0.999002 0 1 -0
3.16181 3.16181 -3.16181 0.353951 0.999002 0 1 -0
-3.16181 3.16181 3.16181 0.702488 0.667599 0 1 -0
-3.16181 -3.16181 3.16181 0.650464 0.334299 0 0 1
3.16181 3.16181 3.16181 0.999002 0.665702 0 0 1
-3.16181 3.16181 3.16181 0.650464 0.665702 0 0 1
3.16181 -3.16181 3.16181 0.999002 0.334299 0 0 1
3.16181 3.16181 3.16181 0.999002 0.665702 0 0 1
-3.16181 -3.16181 3.16181 0.650464 0.334299 0 0 1
-3.16181 -3.16181 -3.16181 0.297786 0.334299 0 -1 -0
3.16181 -3.16181 3.16181 0.646324 0.665701 0 -1 -0
-3.16181 -3.16181 3.16181 0.297786 0.665701 0 -1 -0
3.16181 -3.16181 -3.16181 0.646324 0.334299 0 -1 -0
3.16181 -3.16181 3.16181 0.646324 0.665701 0 -1 -0
-3.16181 -3.16181 -3.16181 0.297786 0.334299 0 -1 -0
3.16181 3.16181 -3.16181 0.000998 0.00099802 1 0 -0
3.16181 -3.16181 3.16181 0.349536 0.332401 1 0 -0
3.16181 -3.16181 -3.16181 0.000998 0.332401 1 0 -0
3.16181 3.16181 3.16181 0.349536 0.00099802 1 0 -0
3.16181 -3.16181 3.16181 0.349536 0.332401 1 0 -0
3.16181 3.16181 -3.16181 0.000998 0.00099802 1 0 -0
-3.16181 3.16181 3.16181 0.353951 0.00099802 -1 0 -0
-3.16181 -3.16181 -3.16181 0.702489 0.332401 -1 0 -0
-3.16181 -3.16181 3.16181 0.353951 0.332401 -1 0 -0
-3.16181 3.16181 -3.16181 0.702489 0.00099802 -1 0 -0
-3.16181 -3.16181 -3.16181 0.702489 0.332401 -1 0 -0
-3.16181 3.16181 3.16181 0.353951 0.00099802 -1 0 -0
